{
 "cells": [
  {
   "cell_type": "markdown",
   "metadata": {},
   "source": [
    "# Pandas DatetimeIndex Functionality"
   ]
  },
  {
   "cell_type": "code",
   "execution_count": 1,
   "metadata": {},
   "outputs": [],
   "source": [
    "import pandas as pd"
   ]
  },
  {
   "cell_type": "code",
   "execution_count": 2,
   "metadata": {},
   "outputs": [
    {
     "data": {
      "text/html": [
       "<div>\n",
       "<style scoped>\n",
       "    .dataframe tbody tr th:only-of-type {\n",
       "        vertical-align: middle;\n",
       "    }\n",
       "\n",
       "    .dataframe tbody tr th {\n",
       "        vertical-align: top;\n",
       "    }\n",
       "\n",
       "    .dataframe thead th {\n",
       "        text-align: right;\n",
       "    }\n",
       "</style>\n",
       "<table border=\"1\" class=\"dataframe\">\n",
       "  <thead>\n",
       "    <tr style=\"text-align: right;\">\n",
       "      <th></th>\n",
       "      <th>Date</th>\n",
       "      <th>R &amp; D Spend</th>\n",
       "      <th>Marketing Spend</th>\n",
       "      <th>Profit</th>\n",
       "    </tr>\n",
       "  </thead>\n",
       "  <tbody>\n",
       "    <tr>\n",
       "      <th>0</th>\n",
       "      <td>1/7/2019</td>\n",
       "      <td>123455</td>\n",
       "      <td>4433244</td>\n",
       "      <td>324234</td>\n",
       "    </tr>\n",
       "    <tr>\n",
       "      <th>1</th>\n",
       "      <td>1/7/2019</td>\n",
       "      <td>1245436</td>\n",
       "      <td>42343244</td>\n",
       "      <td>432423</td>\n",
       "    </tr>\n",
       "    <tr>\n",
       "      <th>2</th>\n",
       "      <td>1/7/2019</td>\n",
       "      <td>32435435</td>\n",
       "      <td>4332432</td>\n",
       "      <td>4324454</td>\n",
       "    </tr>\n",
       "    <tr>\n",
       "      <th>3</th>\n",
       "      <td>1/7/2019</td>\n",
       "      <td>3243534</td>\n",
       "      <td>324234234</td>\n",
       "      <td>56465567</td>\n",
       "    </tr>\n",
       "    <tr>\n",
       "      <th>4</th>\n",
       "      <td>1/7/2019</td>\n",
       "      <td>543455</td>\n",
       "      <td>534534234</td>\n",
       "      <td>565466</td>\n",
       "    </tr>\n",
       "    <tr>\n",
       "      <th>5</th>\n",
       "      <td>1/7/2019</td>\n",
       "      <td>543535</td>\n",
       "      <td>543454</td>\n",
       "      <td>765767</td>\n",
       "    </tr>\n",
       "    <tr>\n",
       "      <th>6</th>\n",
       "      <td>1/7/2019</td>\n",
       "      <td>53454</td>\n",
       "      <td>443243</td>\n",
       "      <td>677677</td>\n",
       "    </tr>\n",
       "    <tr>\n",
       "      <th>7</th>\n",
       "      <td>1/7/2019</td>\n",
       "      <td>455434</td>\n",
       "      <td>243243</td>\n",
       "      <td>6765767</td>\n",
       "    </tr>\n",
       "  </tbody>\n",
       "</table>\n",
       "</div>"
      ],
      "text/plain": [
       "       Date  R & D Spend  Marketing Spend    Profit\n",
       "0  1/7/2019       123455          4433244    324234\n",
       "1  1/7/2019      1245436         42343244    432423\n",
       "2  1/7/2019     32435435          4332432   4324454\n",
       "3  1/7/2019      3243534        324234234  56465567\n",
       "4  1/7/2019       543455        534534234    565466\n",
       "5  1/7/2019       543535           543454    765767\n",
       "6  1/7/2019        53454           443243    677677\n",
       "7  1/7/2019       455434           243243   6765767"
      ]
     },
     "execution_count": 2,
     "metadata": {},
     "output_type": "execute_result"
    }
   ],
   "source": [
    "df = pd.read_csv('C:\\\\Users\\\\Saurabh\\\\OneDrive\\\\Documents\\\\startup.csv')\n",
    "df"
   ]
  },
  {
   "cell_type": "code",
   "execution_count": 3,
   "metadata": {},
   "outputs": [
    {
     "data": {
      "text/plain": [
       "Date               object\n",
       "R & D Spend         int64\n",
       "Marketing Spend     int64\n",
       "Profit              int64\n",
       "dtype: object"
      ]
     },
     "execution_count": 3,
     "metadata": {},
     "output_type": "execute_result"
    }
   ],
   "source": [
    "df.dtypes"
   ]
  },
  {
   "cell_type": "code",
   "execution_count": 4,
   "metadata": {},
   "outputs": [
    {
     "data": {
      "text/plain": [
       "str"
      ]
     },
     "execution_count": 4,
     "metadata": {},
     "output_type": "execute_result"
    }
   ],
   "source": [
    "type(df.Date[0])"
   ]
  },
  {
   "cell_type": "code",
   "execution_count": 5,
   "metadata": {},
   "outputs": [
    {
     "data": {
      "text/html": [
       "<div>\n",
       "<style scoped>\n",
       "    .dataframe tbody tr th:only-of-type {\n",
       "        vertical-align: middle;\n",
       "    }\n",
       "\n",
       "    .dataframe tbody tr th {\n",
       "        vertical-align: top;\n",
       "    }\n",
       "\n",
       "    .dataframe thead th {\n",
       "        text-align: right;\n",
       "    }\n",
       "</style>\n",
       "<table border=\"1\" class=\"dataframe\">\n",
       "  <thead>\n",
       "    <tr style=\"text-align: right;\">\n",
       "      <th></th>\n",
       "      <th>Date</th>\n",
       "      <th>R &amp; D Spend</th>\n",
       "      <th>Marketing Spend</th>\n",
       "      <th>Profit</th>\n",
       "    </tr>\n",
       "  </thead>\n",
       "  <tbody>\n",
       "    <tr>\n",
       "      <th>0</th>\n",
       "      <td>2019-01-07</td>\n",
       "      <td>123455</td>\n",
       "      <td>4433244</td>\n",
       "      <td>324234</td>\n",
       "    </tr>\n",
       "    <tr>\n",
       "      <th>1</th>\n",
       "      <td>2019-01-07</td>\n",
       "      <td>1245436</td>\n",
       "      <td>42343244</td>\n",
       "      <td>432423</td>\n",
       "    </tr>\n",
       "    <tr>\n",
       "      <th>2</th>\n",
       "      <td>2019-01-07</td>\n",
       "      <td>32435435</td>\n",
       "      <td>4332432</td>\n",
       "      <td>4324454</td>\n",
       "    </tr>\n",
       "    <tr>\n",
       "      <th>3</th>\n",
       "      <td>2019-01-07</td>\n",
       "      <td>3243534</td>\n",
       "      <td>324234234</td>\n",
       "      <td>56465567</td>\n",
       "    </tr>\n",
       "    <tr>\n",
       "      <th>4</th>\n",
       "      <td>2019-01-07</td>\n",
       "      <td>543455</td>\n",
       "      <td>534534234</td>\n",
       "      <td>565466</td>\n",
       "    </tr>\n",
       "    <tr>\n",
       "      <th>5</th>\n",
       "      <td>2019-01-07</td>\n",
       "      <td>543535</td>\n",
       "      <td>543454</td>\n",
       "      <td>765767</td>\n",
       "    </tr>\n",
       "    <tr>\n",
       "      <th>6</th>\n",
       "      <td>2019-01-07</td>\n",
       "      <td>53454</td>\n",
       "      <td>443243</td>\n",
       "      <td>677677</td>\n",
       "    </tr>\n",
       "    <tr>\n",
       "      <th>7</th>\n",
       "      <td>2019-01-07</td>\n",
       "      <td>455434</td>\n",
       "      <td>243243</td>\n",
       "      <td>6765767</td>\n",
       "    </tr>\n",
       "  </tbody>\n",
       "</table>\n",
       "</div>"
      ],
      "text/plain": [
       "        Date  R & D Spend  Marketing Spend    Profit\n",
       "0 2019-01-07       123455          4433244    324234\n",
       "1 2019-01-07      1245436         42343244    432423\n",
       "2 2019-01-07     32435435          4332432   4324454\n",
       "3 2019-01-07      3243534        324234234  56465567\n",
       "4 2019-01-07       543455        534534234    565466\n",
       "5 2019-01-07       543535           543454    765767\n",
       "6 2019-01-07        53454           443243    677677\n",
       "7 2019-01-07       455434           243243   6765767"
      ]
     },
     "execution_count": 5,
     "metadata": {},
     "output_type": "execute_result"
    }
   ],
   "source": [
    "df = pd.read_csv('C:\\\\Users\\\\Saurabh\\\\OneDrive\\\\Documents\\\\startup.csv', parse_dates = ['Date'])\n",
    "df"
   ]
  },
  {
   "cell_type": "code",
   "execution_count": 6,
   "metadata": {},
   "outputs": [
    {
     "data": {
      "text/plain": [
       "Date               datetime64[ns]\n",
       "R & D Spend                 int64\n",
       "Marketing Spend             int64\n",
       "Profit                      int64\n",
       "dtype: object"
      ]
     },
     "execution_count": 6,
     "metadata": {},
     "output_type": "execute_result"
    }
   ],
   "source": [
    "df.dtypes"
   ]
  },
  {
   "cell_type": "code",
   "execution_count": 7,
   "metadata": {},
   "outputs": [
    {
     "data": {
      "text/plain": [
       "pandas._libs.tslibs.timestamps.Timestamp"
      ]
     },
     "execution_count": 7,
     "metadata": {},
     "output_type": "execute_result"
    }
   ],
   "source": [
    "type(df.Date[0])"
   ]
  },
  {
   "cell_type": "code",
   "execution_count": null,
   "metadata": {},
   "outputs": [],
   "source": []
  }
 ],
 "metadata": {
  "kernelspec": {
   "display_name": "Python 3",
   "language": "python",
   "name": "python3"
  },
  "language_info": {
   "codemirror_mode": {
    "name": "ipython",
    "version": 3
   },
   "file_extension": ".py",
   "mimetype": "text/x-python",
   "name": "python",
   "nbconvert_exporter": "python",
   "pygments_lexer": "ipython3",
   "version": "3.7.6"
  }
 },
 "nbformat": 4,
 "nbformat_minor": 4
}
